   0.2556987E-03  -0.2146931      -0.1438380E-01   0.4038884E-01
   0.5113974E-03  -0.3635665      -0.4151493E-01   0.5006870E-01
   0.7670962E-03  -0.5621731      -0.9615151E-01   0.5088893E-01
   0.1022795E-02  -0.7915598      -0.9115884E-01   0.8509007E-01
   0.1278494E-02   -1.012927      -0.9227915E-01   0.9458581E-01
   0.1534192E-02   -1.287052      -0.1002666       0.8616596E-01
   0.1789891E-02   -1.516956      -0.1315743       0.6068434E-01
   0.2045590E-02   -1.748300      -0.2204950       0.4892739E-01
   0.2301288E-02   -1.894809      -0.2702513       0.8910349E-01
   0.2556987E-02   -2.037618      -0.3556832       0.1181384    
   0.2812686E-02   -2.251968      -0.2939852       0.1300064    
   0.3068385E-02   -2.481130      -0.3651523       0.1769871    
   0.3324083E-02   -2.695993      -0.3990509       0.1950406    
   0.3579782E-02   -2.880998      -0.4541034       0.2172932    
   0.3835481E-02   -3.118603      -0.4585925       0.2318010    
   0.4091180E-02   -3.295945      -0.5163601       0.2324267    
   0.4346878E-02   -3.479849      -0.5008486       0.2251528    
   0.4602577E-02   -3.746269      -0.5005590       0.1527140    
   0.4858276E-02   -3.941775      -0.6066913       0.1408292    
   0.5113974E-02   -4.158757      -0.6621602       0.1619915    
   0.5369673E-02   -4.402235      -0.7322870       0.9973767E-01
   0.5625372E-02   -4.585947      -0.7492438       0.8771780E-01
   0.5881071E-02   -4.765643      -0.7701255       0.1415780    
   0.6136769E-02   -5.050802      -0.7785047       0.8304529E-01
   0.6392468E-02   -5.198738      -0.8039343       0.1333204    
   0.6648167E-02   -5.488301      -0.8871503       0.1056929    
   0.6903865E-02   -5.708397      -0.8628566       0.1197153    
   0.7159564E-02   -5.907214      -0.8718307       0.1398113    
   0.7415263E-02   -6.140584      -0.9168656       0.1271324    
   0.7670962E-02   -6.358668       -1.025403       0.1549437    
   0.7926660E-02   -6.517450       -1.089227       0.1739095    
   0.8182359E-02   -6.691117       -1.071882       0.1779852    
   0.8438058E-02   -6.885948       -1.113426       0.2243405    
   0.8693756E-02   -7.137036       -1.116339       0.1913714    
   0.8949455E-02   -7.310751       -1.156117       0.1830143    
   0.9205154E-02   -7.514457       -1.218150       0.1204663    
   0.9460853E-02   -7.746657       -1.224702       0.1212193    
   0.9716551E-02   -7.980152       -1.267600       0.1078517    
   0.9972250E-02   -8.163758       -1.262733       0.9069858E-01
   0.1022795E-01   -8.353696       -1.279224       0.1014886    
